90 900 2992
1 1 7
1 2 6
1 3 6
1 4 6
1 5 6
1 6 6
1 7 6
1 8 6
1 9 6
1 10 7
1 11 -1
1 31 -2
1 32 -3
1 33 -3
1 34 -3
1 35 -3
1 36 -3
1 37 -3
1 38 -3
1 39 -3
1 40 -2
1 41 -1
2 10 -1
2 11 7
2 12 6
2 13 6
2 14 6
2 15 6
2 16 6
2 17 6
2 18 6
2 19 6
2 20 7
2 21 -1
2 40 -1
2 41 -2
2 42 -3
2 43 -3
2 44 -3
2 45 -3
2 46 -3
2 47 -3
2 48 -3
2 49 -3
2 50 -2
2 51 -1
3 20 -1
3 21 7
3 22 6
3 23 6
3 24 6
3 25 6
3 26 6
3 27 6
3 28 6
3 29 6
3 30 7
3 50 -1
3 51 -2
3 52 -3
3 53 -3
3 54 -3
3 55 -3
3 56 -3
3 57 -3
3 58 -3
3 59 -3
3 60 -2
4 1 -2
4 2 -3
4 3 -3
4 4 -3
4 5 -3
4 6 -3
4 7 -3
4 8 -3
4 9 -3
4 10 -2
4 11 -1
4 31 7
4 32 6
4 33 6
4 34 6
4 35 6
4 36 6
4 37 6
4 38 6
4 39 6
4 40 7
4 41 -1
4 61 -2
4 62 -3
4 63 -3
4 64 -3
4 65 -3
4 66 -3
4 67 -3
4 68 -3
4 69 -3
4 70 -2
4 71 -1
5 10 -1
5 11 -2
5 12 -3
5 13 -3
5 14 -3
5 15 -3
5 16 -3
5 17 -3
5 18 -3
5 19 -3
5 20 -2
5 21 -1
5 40 -1
5 41 7
5 42 6
5 43 6
5 44 6
5 45 6
5 46 6
5 47 6
5 48 6
5 49 6
5 50 7
5 51 -1
5 70 -1
5 71 -2
5 72 -3
5 73 -3
5 74 -3
5 75 -3
5 76 -3
5 77 -3
5 78 -3
5 79 -3
5 80 -2
5 81 -1
6 20 -1
6 21 -2
6 22 -3
6 23 -3
6 24 -3
6 25 -3
6 26 -3
6 27 -3
6 28 -3
6 29 -3
6 30 -2
6 50 -1
6 51 7
6 52 6
6 53 6
6 54 6
6 55 6
6 56 6
6 57 6
6 58 6
6 59 6
6 60 7
6 80 -1
6 81 -2
6 82 -3
6 83 -3
6 84 -3
6 85 -3
6 86 -3
6 87 -3
6 88 -3
6 89 -3
6 90 -2
7 31 -2
7 32 -3
7 33 -3
7 34 -3
7 35 -3
7 36 -3
7 37 -3
7 38 -3
7 39 -3
7 40 -2
7 41 -1
7 61 7
7 62 6
7 63 6
7 64 6
7 65 6
7 66 6
7 67 6
7 68 6
7 69 6
7 70 7
7 71 -1
7 91 -2
7 92 -3
7 93 -3
7 94 -3
7 95 -3
7 96 -3
7 97 -3
7 98 -3
7 99 -3
7 100 -2
7 101 -1
8 40 -1
8 41 -2
8 42 -3
8 43 -3
8 44 -3
8 45 -3
8 46 -3
8 47 -3
8 48 -3
8 49 -3
8 50 -2
8 51 -1
8 70 -1
8 71 7
8 72 6
8 73 6
8 74 6
8 75 6
8 76 6
8 77 6
8 78 6
8 79 6
8 80 7
8 81 -1
8 100 -1
8 101 -2
8 102 -3
8 103 -3
8 104 -3
8 105 -3
8 106 -3
8 107 -3
8 108 -3
8 109 -3
8 110 -2
8 111 -1
9 50 -1
9 51 -2
9 52 -3
9 53 -3
9 54 -3
9 55 -3
9 56 -3
9 57 -3
9 58 -3
9 59 -3
9 60 -2
9 80 -1
9 81 7
9 82 6
9 83 6
9 84 6
9 85 6
9 86 6
9 87 6
9 88 6
9 89 6
9 90 7
9 110 -1
9 111 -2
9 112 -3
9 113 -3
9 114 -3
9 115 -3
9 116 -3
9 117 -3
9 118 -3
9 119 -3
9 120 -2
10 61 -2
10 62 -3
10 63 -3
10 64 -3
10 65 -3
10 66 -3
10 67 -3
10 68 -3
10 69 -3
10 70 -2
10 71 -1
10 91 7
10 92 6
10 93 6
10 94 6
10 95 6
10 96 6
10 97 6
10 98 6
10 99 6
10 100 7
10 101 -1
10 121 -2
10 122 -3
10 123 -3
10 124 -3
10 125 -3
10 126 -3
10 127 -3
10 128 -3
10 129 -3
10 130 -2
10 131 -1
11 70 -1
11 71 -2
11 72 -3
11 73 -3
11 74 -3
11 75 -3
11 76 -3
11 77 -3
11 78 -3
11 79 -3
11 80 -2
11 81 -1
11 100 -1
11 101 7
11 102 6
11 103 6
11 104 6
11 105 6
11 106 6
11 107 6
11 108 6
11 109 6
11 110 7
11 111 -1
11 130 -1
11 131 -2
11 132 -3
11 133 -3
11 134 -3
11 135 -3
11 136 -3
11 137 -3
11 138 -3
11 139 -3
11 140 -2
11 141 -1
12 80 -1
12 81 -2
12 82 -3
12 83 -3
12 84 -3
12 85 -3
12 86 -3
12 87 -3
12 88 -3
12 89 -3
12 90 -2
12 110 -1
12 111 7
12 112 6
12 113 6
12 114 6
12 115 6
12 116 6
12 117 6
12 118 6
12 119 6
12 120 7
12 140 -1
12 141 -2
12 142 -3
12 143 -3
12 144 -3
12 145 -3
12 146 -3
12 147 -3
12 148 -3
12 149 -3
12 150 -2
13 91 -2
13 92 -3
13 93 -3
13 94 -3
13 95 -3
13 96 -3
13 97 -3
13 98 -3
13 99 -3
13 100 -2
13 101 -1
13 121 7
13 122 6
13 123 6
13 124 6
13 125 6
13 126 6
13 127 6
13 128 6
13 129 6
13 130 7
13 131 -1
13 151 -2
13 152 -3
13 153 -3
13 154 -3
13 155 -3
13 156 -3
13 157 -3
13 158 -3
13 159 -3
13 160 -2
13 161 -1
14 100 -1
14 101 -2
14 102 -3
14 103 -3
14 104 -3
14 105 -3
14 106 -3
14 107 -3
14 108 -3
14 109 -3
14 110 -2
14 111 -1
14 130 -1
14 131 7
14 132 6
14 133 6
14 134 6
14 135 6
14 136 6
14 137 6
14 138 6
14 139 6
14 140 7
14 141 -1
14 160 -1
14 161 -2
14 162 -3
14 163 -3
14 164 -3
14 165 -3
14 166 -3
14 167 -3
14 168 -3
14 169 -3
14 170 -2
14 171 -1
15 110 -1
15 111 -2
15 112 -3
15 113 -3
15 114 -3
15 115 -3
15 116 -3
15 117 -3
15 118 -3
15 119 -3
15 120 -2
15 140 -1
15 141 7
15 142 6
15 143 6
15 144 6
15 145 6
15 146 6
15 147 6
15 148 6
15 149 6
15 150 7
15 170 -1
15 171 -2
15 172 -3
15 173 -3
15 174 -3
15 175 -3
15 176 -3
15 177 -3
15 178 -3
15 179 -3
15 180 -2
16 121 -2
16 122 -3
16 123 -3
16 124 -3
16 125 -3
16 126 -3
16 127 -3
16 128 -3
16 129 -3
16 130 -2
16 131 -1
16 151 7
16 152 6
16 153 6
16 154 6
16 155 6
16 156 6
16 157 6
16 158 6
16 159 6
16 160 7
16 161 -1
16 181 -2
16 182 -3
16 183 -3
16 184 -3
16 185 -3
16 186 -3
16 187 -3
16 188 -3
16 189 -3
16 190 -2
16 191 -1
17 130 -1
17 131 -2
17 132 -3
17 133 -3
17 134 -3
17 135 -3
17 136 -3
17 137 -3
17 138 -3
17 139 -3
17 140 -2
17 141 -1
17 160 -1
17 161 7
17 162 6
17 163 6
17 164 6
17 165 6
17 166 6
17 167 6
17 168 6
17 169 6
17 170 7
17 171 -1
17 190 -1
17 191 -2
17 192 -3
17 193 -3
17 194 -3
17 195 -3
17 196 -3
17 197 -3
17 198 -3
17 199 -3
17 200 -2
17 201 -1
18 140 -1
18 141 -2
18 142 -3
18 143 -3
18 144 -3
18 145 -3
18 146 -3
18 147 -3
18 148 -3
18 149 -3
18 150 -2
18 170 -1
18 171 7
18 172 6
18 173 6
18 174 6
18 175 6
18 176 6
18 177 6
18 178 6
18 179 6
18 180 7
18 200 -1
18 201 -2
18 202 -3
18 203 -3
18 204 -3
18 205 -3
18 206 -3
18 207 -3
18 208 -3
18 209 -3
18 210 -2
19 151 -2
19 152 -3
19 153 -3
19 154 -3
19 155 -3
19 156 -3
19 157 -3
19 158 -3
19 159 -3
19 160 -2
19 161 -1
19 181 7
19 182 6
19 183 6
19 184 6
19 185 6
19 186 6
19 187 6
19 188 6
19 189 6
19 190 7
19 191 -1
19 211 -2
19 212 -3
19 213 -3
19 214 -3
19 215 -3
19 216 -3
19 217 -3
19 218 -3
19 219 -3
19 220 -2
19 221 -1
20 160 -1
20 161 -2
20 162 -3
20 163 -3
20 164 -3
20 165 -3
20 166 -3
20 167 -3
20 168 -3
20 169 -3
20 170 -2
20 171 -1
20 190 -1
20 191 7
20 192 6
20 193 6
20 194 6
20 195 6
20 196 6
20 197 6
20 198 6
20 199 6
20 200 7
20 201 -1
20 220 -1
20 221 -2
20 222 -3
20 223 -3
20 224 -3
20 225 -3
20 226 -3
20 227 -3
20 228 -3
20 229 -3
20 230 -2
20 231 -1
21 170 -1
21 171 -2
21 172 -3
21 173 -3
21 174 -3
21 175 -3
21 176 -3
21 177 -3
21 178 -3
21 179 -3
21 180 -2
21 200 -1
21 201 7
21 202 6
21 203 6
21 204 6
21 205 6
21 206 6
21 207 6
21 208 6
21 209 6
21 210 7
21 230 -1
21 231 -2
21 232 -3
21 233 -3
21 234 -3
21 235 -3
21 236 -3
21 237 -3
21 238 -3
21 239 -3
21 240 -2
22 181 -2
22 182 -3
22 183 -3
22 184 -3
22 185 -3
22 186 -3
22 187 -3
22 188 -3
22 189 -3
22 190 -2
22 191 -1
22 211 7
22 212 6
22 213 6
22 214 6
22 215 6
22 216 6
22 217 6
22 218 6
22 219 6
22 220 7
22 221 -1
22 241 -2
22 242 -3
22 243 -3
22 244 -3
22 245 -3
22 246 -3
22 247 -3
22 248 -3
22 249 -3
22 250 -2
22 251 -1
23 190 -1
23 191 -2
23 192 -3
23 193 -3
23 194 -3
23 195 -3
23 196 -3
23 197 -3
23 198 -3
23 199 -3
23 200 -2
23 201 -1
23 220 -1
23 221 7
23 222 6
23 223 6
23 224 6
23 225 6
23 226 6
23 227 6
23 228 6
23 229 6
23 230 7
23 231 -1
23 250 -1
23 251 -2
23 252 -3
23 253 -3
23 254 -3
23 255 -3
23 256 -3
23 257 -3
23 258 -3
23 259 -3
23 260 -2
23 261 -1
24 200 -1
24 201 -2
24 202 -3
24 203 -3
24 204 -3
24 205 -3
24 206 -3
24 207 -3
24 208 -3
24 209 -3
24 210 -2
24 230 -1
24 231 7
24 232 6
24 233 6
24 234 6
24 235 6
24 236 6
24 237 6
24 238 6
24 239 6
24 240 7
24 260 -1
24 261 -2
24 262 -3
24 263 -3
24 264 -3
24 265 -3
24 266 -3
24 267 -3
24 268 -3
24 269 -3
24 270 -2
25 211 -2
25 212 -3
25 213 -3
25 214 -3
25 215 -3
25 216 -3
25 217 -3
25 218 -3
25 219 -3
25 220 -2
25 221 -1
25 241 7
25 242 6
25 243 6
25 244 6
25 245 6
25 246 6
25 247 6
25 248 6
25 249 6
25 250 7
25 251 -1
25 271 -2
25 272 -3
25 273 -3
25 274 -3
25 275 -3
25 276 -3
25 277 -3
25 278 -3
25 279 -3
25 280 -2
25 281 -1
26 220 -1
26 221 -2
26 222 -3
26 223 -3
26 224 -3
26 225 -3
26 226 -3
26 227 -3
26 228 -3
26 229 -3
26 230 -2
26 231 -1
26 250 -1
26 251 7
26 252 6
26 253 6
26 254 6
26 255 6
26 256 6
26 257 6
26 258 6
26 259 6
26 260 7
26 261 -1
26 280 -1
26 281 -2
26 282 -3
26 283 -3
26 284 -3
26 285 -3
26 286 -3
26 287 -3
26 288 -3
26 289 -3
26 290 -2
26 291 -1
27 230 -1
27 231 -2
27 232 -3
27 233 -3
27 234 -3
27 235 -3
27 236 -3
27 237 -3
27 238 -3
27 239 -3
27 240 -2
27 260 -1
27 261 7
27 262 6
27 263 6
27 264 6
27 265 6
27 266 6
27 267 6
27 268 6
27 269 6
27 270 7
27 290 -1
27 291 -2
27 292 -3
27 293 -3
27 294 -3
27 295 -3
27 296 -3
27 297 -3
27 298 -3
27 299 -3
27 300 -2
28 241 -2
28 242 -3
28 243 -3
28 244 -3
28 245 -3
28 246 -3
28 247 -3
28 248 -3
28 249 -3
28 250 -2
28 251 -1
28 271 7
28 272 6
28 273 6
28 274 6
28 275 6
28 276 6
28 277 6
28 278 6
28 279 6
28 280 7
28 281 -1
28 301 -2
28 302 -3
28 303 -3
28 304 -3
28 305 -3
28 306 -3
28 307 -3
28 308 -3
28 309 -3
28 310 -2
28 311 -1
29 250 -1
29 251 -2
29 252 -3
29 253 -3
29 254 -3
29 255 -3
29 256 -3
29 257 -3
29 258 -3
29 259 -3
29 260 -2
29 261 -1
29 280 -1
29 281 7
29 282 6
29 283 6
29 284 6
29 285 6
29 286 6
29 287 6
29 288 6
29 289 6
29 290 7
29 291 -1
29 310 -1
29 311 -2
29 312 -3
29 313 -3
29 314 -3
29 315 -3
29 316 -3
29 317 -3
29 318 -3
29 319 -3
29 320 -2
29 321 -1
30 260 -1
30 261 -2
30 262 -3
30 263 -3
30 264 -3
30 265 -3
30 266 -3
30 267 -3
30 268 -3
30 269 -3
30 270 -2
30 290 -1
30 291 7
30 292 6
30 293 6
30 294 6
30 295 6
30 296 6
30 297 6
30 298 6
30 299 6
30 300 7
30 320 -1
30 321 -2
30 322 -3
30 323 -3
30 324 -3
30 325 -3
30 326 -3
30 327 -3
30 328 -3
30 329 -3
30 330 -2
31 271 -2
31 272 -3
31 273 -3
31 274 -3
31 275 -3
31 276 -3
31 277 -3
31 278 -3
31 279 -3
31 280 -2
31 281 -1
31 301 7
31 302 6
31 303 6
31 304 6
31 305 6
31 306 6
31 307 6
31 308 6
31 309 6
31 310 7
31 311 -1
31 331 -2
31 332 -3
31 333 -3
31 334 -3
31 335 -3
31 336 -3
31 337 -3
31 338 -3
31 339 -3
31 340 -2
31 341 -1
32 280 -1
32 281 -2
32 282 -3
32 283 -3
32 284 -3
32 285 -3
32 286 -3
32 287 -3
32 288 -3
32 289 -3
32 290 -2
32 291 -1
32 310 -1
32 311 7
32 312 6
32 313 6
32 314 6
32 315 6
32 316 6
32 317 6
32 318 6
32 319 6
32 320 7
32 321 -1
32 340 -1
32 341 -2
32 342 -3
32 343 -3
32 344 -3
32 345 -3
32 346 -3
32 347 -3
32 348 -3
32 349 -3
32 350 -2
32 351 -1
33 290 -1
33 291 -2
33 292 -3
33 293 -3
33 294 -3
33 295 -3
33 296 -3
33 297 -3
33 298 -3
33 299 -3
33 300 -2
33 320 -1
33 321 7
33 322 6
33 323 6
33 324 6
33 325 6
33 326 6
33 327 6
33 328 6
33 329 6
33 330 7
33 350 -1
33 351 -2
33 352 -3
33 353 -3
33 354 -3
33 355 -3
33 356 -3
33 357 -3
33 358 -3
33 359 -3
33 360 -2
34 301 -2
34 302 -3
34 303 -3
34 304 -3
34 305 -3
34 306 -3
34 307 -3
34 308 -3
34 309 -3
34 310 -2
34 311 -1
34 331 7
34 332 6
34 333 6
34 334 6
34 335 6
34 336 6
34 337 6
34 338 6
34 339 6
34 340 7
34 341 -1
34 361 -2
34 362 -3
34 363 -3
34 364 -3
34 365 -3
34 366 -3
34 367 -3
34 368 -3
34 369 -3
34 370 -2
34 371 -1
35 310 -1
35 311 -2
35 312 -3
35 313 -3
35 314 -3
35 315 -3
35 316 -3
35 317 -3
35 318 -3
35 319 -3
35 320 -2
35 321 -1
35 340 -1
35 341 7
35 342 6
35 343 6
35 344 6
35 345 6
35 346 6
35 347 6
35 348 6
35 349 6
35 350 7
35 351 -1
35 370 -1
35 371 -2
35 372 -3
35 373 -3
35 374 -3
35 375 -3
35 376 -3
35 377 -3
35 378 -3
35 379 -3
35 380 -2
35 381 -1
36 320 -1
36 321 -2
36 322 -3
36 323 -3
36 324 -3
36 325 -3
36 326 -3
36 327 -3
36 328 -3
36 329 -3
36 330 -2
36 350 -1
36 351 7
36 352 6
36 353 6
36 354 6
36 355 6
36 356 6
36 357 6
36 358 6
36 359 6
36 360 7
36 380 -1
36 381 -2
36 382 -3
36 383 -3
36 384 -3
36 385 -3
36 386 -3
36 387 -3
36 388 -3
36 389 -3
36 390 -2
37 331 -2
37 332 -3
37 333 -3
37 334 -3
37 335 -3
37 336 -3
37 337 -3
37 338 -3
37 339 -3
37 340 -2
37 341 -1
37 361 7
37 362 6
37 363 6
37 364 6
37 365 6
37 366 6
37 367 6
37 368 6
37 369 6
37 370 7
37 371 -1
37 391 -2
37 392 -3
37 393 -3
37 394 -3
37 395 -3
37 396 -3
37 397 -3
37 398 -3
37 399 -3
37 400 -2
37 401 -1
38 340 -1
38 341 -2
38 342 -3
38 343 -3
38 344 -3
38 345 -3
38 346 -3
38 347 -3
38 348 -3
38 349 -3
38 350 -2
38 351 -1
38 370 -1
38 371 7
38 372 6
38 373 6
38 374 6
38 375 6
38 376 6
38 377 6
38 378 6
38 379 6
38 380 7
38 381 -1
38 400 -1
38 401 -2
38 402 -3
38 403 -3
38 404 -3
38 405 -3
38 406 -3
38 407 -3
38 408 -3
38 409 -3
38 410 -2
38 411 -1
39 350 -1
39 351 -2
39 352 -3
39 353 -3
39 354 -3
39 355 -3
39 356 -3
39 357 -3
39 358 -3
39 359 -3
39 360 -2
39 380 -1
39 381 7
39 382 6
39 383 6
39 384 6
39 385 6
39 386 6
39 387 6
39 388 6
39 389 6
39 390 7
39 410 -1
39 411 -2
39 412 -3
39 413 -3
39 414 -3
39 415 -3
39 416 -3
39 417 -3
39 418 -3
39 419 -3
39 420 -2
40 361 -2
40 362 -3
40 363 -3
40 364 -3
40 365 -3
40 366 -3
40 367 -3
40 368 -3
40 369 -3
40 370 -2
40 371 -1
40 391 7
40 392 6
40 393 6
40 394 6
40 395 6
40 396 6
40 397 6
40 398 6
40 399 6
40 400 7
40 401 -1
40 421 -2
40 422 -3
40 423 -3
40 424 -3
40 425 -3
40 426 -3
40 427 -3
40 428 -3
40 429 -3
40 430 -2
40 431 -1
41 370 -1
41 371 -2
41 372 -3
41 373 -3
41 374 -3
41 375 -3
41 376 -3
41 377 -3
41 378 -3
41 379 -3
41 380 -2
41 381 -1
41 400 -1
41 401 7
41 402 6
41 403 6
41 404 6
41 405 6
41 406 6
41 407 6
41 408 6
41 409 6
41 410 7
41 411 -1
41 430 -1
41 431 -2
41 432 -3
41 433 -3
41 434 -3
41 435 -3
41 436 -3
41 437 -3
41 438 -3
41 439 -3
41 440 -2
41 441 -1
42 380 -1
42 381 -2
42 382 -3
42 383 -3
42 384 -3
42 385 -3
42 386 -3
42 387 -3
42 388 -3
42 389 -3
42 390 -2
42 410 -1
42 411 7
42 412 6
42 413 6
42 414 6
42 415 6
42 416 6
42 417 6
42 418 6
42 419 6
42 420 7
42 440 -1
42 441 -2
42 442 -3
42 443 -3
42 444 -3
42 445 -3
42 446 -3
42 447 -3
42 448 -3
42 449 -3
42 450 -2
43 391 -2
43 392 -3
43 393 -3
43 394 -3
43 395 -3
43 396 -3
43 397 -3
43 398 -3
43 399 -3
43 400 -2
43 401 -1
43 421 7
43 422 6
43 423 6
43 424 6
43 425 6
43 426 6
43 427 6
43 428 6
43 429 6
43 430 7
43 431 -1
43 451 -2
43 452 -3
43 453 -3
43 454 -3
43 455 -3
43 456 -3
43 457 -3
43 458 -3
43 459 -3
43 460 -2
43 461 -1
44 400 -1
44 401 -2
44 402 -3
44 403 -3
44 404 -3
44 405 -3
44 406 -3
44 407 -3
44 408 -3
44 409 -3
44 410 -2
44 411 -1
44 430 -1
44 431 7
44 432 6
44 433 6
44 434 6
44 435 6
44 436 6
44 437 6
44 438 6
44 439 6
44 440 7
44 441 -1
44 460 -1
44 461 -2
44 462 -3
44 463 -3
44 464 -3
44 465 -3
44 466 -3
44 467 -3
44 468 -3
44 469 -3
44 470 -2
44 471 -1
45 410 -1
45 411 -2
45 412 -3
45 413 -3
45 414 -3
45 415 -3
45 416 -3
45 417 -3
45 418 -3
45 419 -3
45 420 -2
45 440 -1
45 441 7
45 442 6
45 443 6
45 444 6
45 445 6
45 446 6
45 447 6
45 448 6
45 449 6
45 450 7
45 470 -1
45 471 -2
45 472 -3
45 473 -3
45 474 -3
45 475 -3
45 476 -3
45 477 -3
45 478 -3
45 479 -3
45 480 -2
46 421 -2
46 422 -3
46 423 -3
46 424 -3
46 425 -3
46 426 -3
46 427 -3
46 428 -3
46 429 -3
46 430 -2
46 431 -1
46 451 7
46 452 6
46 453 6
46 454 6
46 455 6
46 456 6
46 457 6
46 458 6
46 459 6
46 460 7
46 461 -1
46 481 -2
46 482 -3
46 483 -3
46 484 -3
46 485 -3
46 486 -3
46 487 -3
46 488 -3
46 489 -3
46 490 -2
46 491 -1
47 430 -1
47 431 -2
47 432 -3
47 433 -3
47 434 -3
47 435 -3
47 436 -3
47 437 -3
47 438 -3
47 439 -3
47 440 -2
47 441 -1
47 460 -1
47 461 7
47 462 6
47 463 6
47 464 6
47 465 6
47 466 6
47 467 6
47 468 6
47 469 6
47 470 7
47 471 -1
47 490 -1
47 491 -2
47 492 -3
47 493 -3
47 494 -3
47 495 -3
47 496 -3
47 497 -3
47 498 -3
47 499 -3
47 500 -2
47 501 -1
48 440 -1
48 441 -2
48 442 -3
48 443 -3
48 444 -3
48 445 -3
48 446 -3
48 447 -3
48 448 -3
48 449 -3
48 450 -2
48 470 -1
48 471 7
48 472 6
48 473 6
48 474 6
48 475 6
48 476 6
48 477 6
48 478 6
48 479 6
48 480 7
48 500 -1
48 501 -2
48 502 -3
48 503 -3
48 504 -3
48 505 -3
48 506 -3
48 507 -3
48 508 -3
48 509 -3
48 510 -2
49 451 -2
49 452 -3
49 453 -3
49 454 -3
49 455 -3
49 456 -3
49 457 -3
49 458 -3
49 459 -3
49 460 -2
49 461 -1
49 481 7
49 482 6
49 483 6
49 484 6
49 485 6
49 486 6
49 487 6
49 488 6
49 489 6
49 490 7
49 491 -1
49 511 -2
49 512 -3
49 513 -3
49 514 -3
49 515 -3
49 516 -3
49 517 -3
49 518 -3
49 519 -3
49 520 -2
49 521 -1
50 460 -1
50 461 -2
50 462 -3
50 463 -3
50 464 -3
50 465 -3
50 466 -3
50 467 -3
50 468 -3
50 469 -3
50 470 -2
50 471 -1
50 490 -1
50 491 7
50 492 6
50 493 6
50 494 6
50 495 6
50 496 6
50 497 6
50 498 6
50 499 6
50 500 7
50 501 -1
50 520 -1
50 521 -2
50 522 -3
50 523 -3
50 524 -3
50 525 -3
50 526 -3
50 527 -3
50 528 -3
50 529 -3
50 530 -2
50 531 -1
51 470 -1
51 471 -2
51 472 -3
51 473 -3
51 474 -3
51 475 -3
51 476 -3
51 477 -3
51 478 -3
51 479 -3
51 480 -2
51 500 -1
51 501 7
51 502 6
51 503 6
51 504 6
51 505 6
51 506 6
51 507 6
51 508 6
51 509 6
51 510 7
51 530 -1
51 531 -2
51 532 -3
51 533 -3
51 534 -3
51 535 -3
51 536 -3
51 537 -3
51 538 -3
51 539 -3
51 540 -2
52 481 -2
52 482 -3
52 483 -3
52 484 -3
52 485 -3
52 486 -3
52 487 -3
52 488 -3
52 489 -3
52 490 -2
52 491 -1
52 511 7
52 512 6
52 513 6
52 514 6
52 515 6
52 516 6
52 517 6
52 518 6
52 519 6
52 520 7
52 521 -1
52 541 -2
52 542 -3
52 543 -3
52 544 -3
52 545 -3
52 546 -3
52 547 -3
52 548 -3
52 549 -3
52 550 -2
52 551 -1
53 490 -1
53 491 -2
53 492 -3
53 493 -3
53 494 -3
53 495 -3
53 496 -3
53 497 -3
53 498 -3
53 499 -3
53 500 -2
53 501 -1
53 520 -1
53 521 7
53 522 6
53 523 6
53 524 6
53 525 6
53 526 6
53 527 6
53 528 6
53 529 6
53 530 7
53 531 -1
53 550 -1
53 551 -2
53 552 -3
53 553 -3
53 554 -3
53 555 -3
53 556 -3
53 557 -3
53 558 -3
53 559 -3
53 560 -2
53 561 -1
54 500 -1
54 501 -2
54 502 -3
54 503 -3
54 504 -3
54 505 -3
54 506 -3
54 507 -3
54 508 -3
54 509 -3
54 510 -2
54 530 -1
54 531 7
54 532 6
54 533 6
54 534 6
54 535 6
54 536 6
54 537 6
54 538 6
54 539 6
54 540 7
54 560 -1
54 561 -2
54 562 -3
54 563 -3
54 564 -3
54 565 -3
54 566 -3
54 567 -3
54 568 -3
54 569 -3
54 570 -2
55 511 -2
55 512 -3
55 513 -3
55 514 -3
55 515 -3
55 516 -3
55 517 -3
55 518 -3
55 519 -3
55 520 -2
55 521 -1
55 541 7
55 542 6
55 543 6
55 544 6
55 545 6
55 546 6
55 547 6
55 548 6
55 549 6
55 550 7
55 551 -1
55 571 -2
55 572 -3
55 573 -3
55 574 -3
55 575 -3
55 576 -3
55 577 -3
55 578 -3
55 579 -3
55 580 -2
55 581 -1
56 520 -1
56 521 -2
56 522 -3
56 523 -3
56 524 -3
56 525 -3
56 526 -3
56 527 -3
56 528 -3
56 529 -3
56 530 -2
56 531 -1
56 550 -1
56 551 7
56 552 6
56 553 6
56 554 6
56 555 6
56 556 6
56 557 6
56 558 6
56 559 6
56 560 7
56 561 -1
56 580 -1
56 581 -2
56 582 -3
56 583 -3
56 584 -3
56 585 -3
56 586 -3
56 587 -3
56 588 -3
56 589 -3
56 590 -2
56 591 -1
57 530 -1
57 531 -2
57 532 -3
57 533 -3
57 534 -3
57 535 -3
57 536 -3
57 537 -3
57 538 -3
57 539 -3
57 540 -2
57 560 -1
57 561 7
57 562 6
57 563 6
57 564 6
57 565 6
57 566 6
57 567 6
57 568 6
57 569 6
57 570 7
57 590 -1
57 591 -2
57 592 -3
57 593 -3
57 594 -3
57 595 -3
57 596 -3
57 597 -3
57 598 -3
57 599 -3
57 600 -2
58 541 -2
58 542 -3
58 543 -3
58 544 -3
58 545 -3
58 546 -3
58 547 -3
58 548 -3
58 549 -3
58 550 -2
58 551 -1
58 571 7
58 572 6
58 573 6
58 574 6
58 575 6
58 576 6
58 577 6
58 578 6
58 579 6
58 580 7
58 581 -1
58 601 -2
58 602 -3
58 603 -3
58 604 -3
58 605 -3
58 606 -3
58 607 -3
58 608 -3
58 609 -3
58 610 -2
58 611 -1
59 550 -1
59 551 -2
59 552 -3
59 553 -3
59 554 -3
59 555 -3
59 556 -3
59 557 -3
59 558 -3
59 559 -3
59 560 -2
59 561 -1
59 580 -1
59 581 7
59 582 6
59 583 6
59 584 6
59 585 6
59 586 6
59 587 6
59 588 6
59 589 6
59 590 7
59 591 -1
59 610 -1
59 611 -2
59 612 -3
59 613 -3
59 614 -3
59 615 -3
59 616 -3
59 617 -3
59 618 -3
59 619 -3
59 620 -2
59 621 -1
60 560 -1
60 561 -2
60 562 -3
60 563 -3
60 564 -3
60 565 -3
60 566 -3
60 567 -3
60 568 -3
60 569 -3
60 570 -2
60 590 -1
60 591 7
60 592 6
60 593 6
60 594 6
60 595 6
60 596 6
60 597 6
60 598 6
60 599 6
60 600 7
60 620 -1
60 621 -2
60 622 -3
60 623 -3
60 624 -3
60 625 -3
60 626 -3
60 627 -3
60 628 -3
60 629 -3
60 630 -2
61 571 -2
61 572 -3
61 573 -3
61 574 -3
61 575 -3
61 576 -3
61 577 -3
61 578 -3
61 579 -3
61 580 -2
61 581 -1
61 601 7
61 602 6
61 603 6
61 604 6
61 605 6
61 606 6
61 607 6
61 608 6
61 609 6
61 610 7
61 611 -1
61 631 -2
61 632 -3
61 633 -3
61 634 -3
61 635 -3
61 636 -3
61 637 -3
61 638 -3
61 639 -3
61 640 -2
61 641 -1
62 580 -1
62 581 -2
62 582 -3
62 583 -3
62 584 -3
62 585 -3
62 586 -3
62 587 -3
62 588 -3
62 589 -3
62 590 -2
62 591 -1
62 610 -1
62 611 7
62 612 6
62 613 6
62 614 6
62 615 6
62 616 6
62 617 6
62 618 6
62 619 6
62 620 7
62 621 -1
62 640 -1
62 641 -2
62 642 -3
62 643 -3
62 644 -3
62 645 -3
62 646 -3
62 647 -3
62 648 -3
62 649 -3
62 650 -2
62 651 -1
63 590 -1
63 591 -2
63 592 -3
63 593 -3
63 594 -3
63 595 -3
63 596 -3
63 597 -3
63 598 -3
63 599 -3
63 600 -2
63 620 -1
63 621 7
63 622 6
63 623 6
63 624 6
63 625 6
63 626 6
63 627 6
63 628 6
63 629 6
63 630 7
63 650 -1
63 651 -2
63 652 -3
63 653 -3
63 654 -3
63 655 -3
63 656 -3
63 657 -3
63 658 -3
63 659 -3
63 660 -2
64 601 -2
64 602 -3
64 603 -3
64 604 -3
64 605 -3
64 606 -3
64 607 -3
64 608 -3
64 609 -3
64 610 -2
64 611 -1
64 631 7
64 632 6
64 633 6
64 634 6
64 635 6
64 636 6
64 637 6
64 638 6
64 639 6
64 640 7
64 641 -1
64 661 -2
64 662 -3
64 663 -3
64 664 -3
64 665 -3
64 666 -3
64 667 -3
64 668 -3
64 669 -3
64 670 -2
64 671 -1
65 610 -1
65 611 -2
65 612 -3
65 613 -3
65 614 -3
65 615 -3
65 616 -3
65 617 -3
65 618 -3
65 619 -3
65 620 -2
65 621 -1
65 640 -1
65 641 7
65 642 6
65 643 6
65 644 6
65 645 6
65 646 6
65 647 6
65 648 6
65 649 6
65 650 7
65 651 -1
65 670 -1
65 671 -2
65 672 -3
65 673 -3
65 674 -3
65 675 -3
65 676 -3
65 677 -3
65 678 -3
65 679 -3
65 680 -2
65 681 -1
66 620 -1
66 621 -2
66 622 -3
66 623 -3
66 624 -3
66 625 -3
66 626 -3
66 627 -3
66 628 -3
66 629 -3
66 630 -2
66 650 -1
66 651 7
66 652 6
66 653 6
66 654 6
66 655 6
66 656 6
66 657 6
66 658 6
66 659 6
66 660 7
66 680 -1
66 681 -2
66 682 -3
66 683 -3
66 684 -3
66 685 -3
66 686 -3
66 687 -3
66 688 -3
66 689 -3
66 690 -2
67 631 -2
67 632 -3
67 633 -3
67 634 -3
67 635 -3
67 636 -3
67 637 -3
67 638 -3
67 639 -3
67 640 -2
67 641 -1
67 661 7
67 662 6
67 663 6
67 664 6
67 665 6
67 666 6
67 667 6
67 668 6
67 669 6
67 670 7
67 671 -1
67 691 -2
67 692 -3
67 693 -3
67 694 -3
67 695 -3
67 696 -3
67 697 -3
67 698 -3
67 699 -3
67 700 -2
67 701 -1
68 640 -1
68 641 -2
68 642 -3
68 643 -3
68 644 -3
68 645 -3
68 646 -3
68 647 -3
68 648 -3
68 649 -3
68 650 -2
68 651 -1
68 670 -1
68 671 7
68 672 6
68 673 6
68 674 6
68 675 6
68 676 6
68 677 6
68 678 6
68 679 6
68 680 7
68 681 -1
68 700 -1
68 701 -2
68 702 -3
68 703 -3
68 704 -3
68 705 -3
68 706 -3
68 707 -3
68 708 -3
68 709 -3
68 710 -2
68 711 -1
69 650 -1
69 651 -2
69 652 -3
69 653 -3
69 654 -3
69 655 -3
69 656 -3
69 657 -3
69 658 -3
69 659 -3
69 660 -2
69 680 -1
69 681 7
69 682 6
69 683 6
69 684 6
69 685 6
69 686 6
69 687 6
69 688 6
69 689 6
69 690 7
69 710 -1
69 711 -2
69 712 -3
69 713 -3
69 714 -3
69 715 -3
69 716 -3
69 717 -3
69 718 -3
69 719 -3
69 720 -2
70 661 -2
70 662 -3
70 663 -3
70 664 -3
70 665 -3
70 666 -3
70 667 -3
70 668 -3
70 669 -3
70 670 -2
70 671 -1
70 691 7
70 692 6
70 693 6
70 694 6
70 695 6
70 696 6
70 697 6
70 698 6
70 699 6
70 700 7
70 701 -1
70 721 -2
70 722 -3
70 723 -3
70 724 -3
70 725 -3
70 726 -3
70 727 -3
70 728 -3
70 729 -3
70 730 -2
70 731 -1
71 670 -1
71 671 -2
71 672 -3
71 673 -3
71 674 -3
71 675 -3
71 676 -3
71 677 -3
71 678 -3
71 679 -3
71 680 -2
71 681 -1
71 700 -1
71 701 7
71 702 6
71 703 6
71 704 6
71 705 6
71 706 6
71 707 6
71 708 6
71 709 6
71 710 7
71 711 -1
71 730 -1
71 731 -2
71 732 -3
71 733 -3
71 734 -3
71 735 -3
71 736 -3
71 737 -3
71 738 -3
71 739 -3
71 740 -2
71 741 -1
72 680 -1
72 681 -2
72 682 -3
72 683 -3
72 684 -3
72 685 -3
72 686 -3
72 687 -3
72 688 -3
72 689 -3
72 690 -2
72 710 -1
72 711 7
72 712 6
72 713 6
72 714 6
72 715 6
72 716 6
72 717 6
72 718 6
72 719 6
72 720 7
72 740 -1
72 741 -2
72 742 -3
72 743 -3
72 744 -3
72 745 -3
72 746 -3
72 747 -3
72 748 -3
72 749 -3
72 750 -2
73 691 -2
73 692 -3
73 693 -3
73 694 -3
73 695 -3
73 696 -3
73 697 -3
73 698 -3
73 699 -3
73 700 -2
73 701 -1
73 721 7
73 722 6
73 723 6
73 724 6
73 725 6
73 726 6
73 727 6
73 728 6
73 729 6
73 730 7
73 731 -1
73 751 -2
73 752 -3
73 753 -3
73 754 -3
73 755 -3
73 756 -3
73 757 -3
73 758 -3
73 759 -3
73 760 -2
73 761 -1
74 700 -1
74 701 -2
74 702 -3
74 703 -3
74 704 -3
74 705 -3
74 706 -3
74 707 -3
74 708 -3
74 709 -3
74 710 -2
74 711 -1
74 730 -1
74 731 7
74 732 6
74 733 6
74 734 6
74 735 6
74 736 6
74 737 6
74 738 6
74 739 6
74 740 7
74 741 -1
74 760 -1
74 761 -2
74 762 -3
74 763 -3
74 764 -3
74 765 -3
74 766 -3
74 767 -3
74 768 -3
74 769 -3
74 770 -2
74 771 -1
75 710 -1
75 711 -2
75 712 -3
75 713 -3
75 714 -3
75 715 -3
75 716 -3
75 717 -3
75 718 -3
75 719 -3
75 720 -2
75 740 -1
75 741 7
75 742 6
75 743 6
75 744 6
75 745 6
75 746 6
75 747 6
75 748 6
75 749 6
75 750 7
75 770 -1
75 771 -2
75 772 -3
75 773 -3
75 774 -3
75 775 -3
75 776 -3
75 777 -3
75 778 -3
75 779 -3
75 780 -2
76 721 -2
76 722 -3
76 723 -3
76 724 -3
76 725 -3
76 726 -3
76 727 -3
76 728 -3
76 729 -3
76 730 -2
76 731 -1
76 751 7
76 752 6
76 753 6
76 754 6
76 755 6
76 756 6
76 757 6
76 758 6
76 759 6
76 760 7
76 761 -1
76 781 -2
76 782 -3
76 783 -3
76 784 -3
76 785 -3
76 786 -3
76 787 -3
76 788 -3
76 789 -3
76 790 -2
76 791 -1
77 730 -1
77 731 -2
77 732 -3
77 733 -3
77 734 -3
77 735 -3
77 736 -3
77 737 -3
77 738 -3
77 739 -3
77 740 -2
77 741 -1
77 760 -1
77 761 7
77 762 6
77 763 6
77 764 6
77 765 6
77 766 6
77 767 6
77 768 6
77 769 6
77 770 7
77 771 -1
77 790 -1
77 791 -2
77 792 -3
77 793 -3
77 794 -3
77 795 -3
77 796 -3
77 797 -3
77 798 -3
77 799 -3
77 800 -2
77 801 -1
78 740 -1
78 741 -2
78 742 -3
78 743 -3
78 744 -3
78 745 -3
78 746 -3
78 747 -3
78 748 -3
78 749 -3
78 750 -2
78 770 -1
78 771 7
78 772 6
78 773 6
78 774 6
78 775 6
78 776 6
78 777 6
78 778 6
78 779 6
78 780 7
78 800 -1
78 801 -2
78 802 -3
78 803 -3
78 804 -3
78 805 -3
78 806 -3
78 807 -3
78 808 -3
78 809 -3
78 810 -2
79 751 -2
79 752 -3
79 753 -3
79 754 -3
79 755 -3
79 756 -3
79 757 -3
79 758 -3
79 759 -3
79 760 -2
79 761 -1
79 781 7
79 782 6
79 783 6
79 784 6
79 785 6
79 786 6
79 787 6
79 788 6
79 789 6
79 790 7
79 791 -1
79 811 -2
79 812 -3
79 813 -3
79 814 -3
79 815 -3
79 816 -3
79 817 -3
79 818 -3
79 819 -3
79 820 -2
79 821 -1
80 760 -1
80 761 -2
80 762 -3
80 763 -3
80 764 -3
80 765 -3
80 766 -3
80 767 -3
80 768 -3
80 769 -3
80 770 -2
80 771 -1
80 790 -1
80 791 7
80 792 6
80 793 6
80 794 6
80 795 6
80 796 6
80 797 6
80 798 6
80 799 6
80 800 7
80 801 -1
80 820 -1
80 821 -2
80 822 -3
80 823 -3
80 824 -3
80 825 -3
80 826 -3
80 827 -3
80 828 -3
80 829 -3
80 830 -2
80 831 -1
81 770 -1
81 771 -2
81 772 -3
81 773 -3
81 774 -3
81 775 -3
81 776 -3
81 777 -3
81 778 -3
81 779 -3
81 780 -2
81 800 -1
81 801 7
81 802 6
81 803 6
81 804 6
81 805 6
81 806 6
81 807 6
81 808 6
81 809 6
81 810 7
81 830 -1
81 831 -2
81 832 -3
81 833 -3
81 834 -3
81 835 -3
81 836 -3
81 837 -3
81 838 -3
81 839 -3
81 840 -2
82 781 -2
82 782 -3
82 783 -3
82 784 -3
82 785 -3
82 786 -3
82 787 -3
82 788 -3
82 789 -3
82 790 -2
82 791 -1
82 811 7
82 812 6
82 813 6
82 814 6
82 815 6
82 816 6
82 817 6
82 818 6
82 819 6
82 820 7
82 821 -1
82 841 -2
82 842 -3
82 843 -3
82 844 -3
82 845 -3
82 846 -3
82 847 -3
82 848 -3
82 849 -3
82 850 -2
82 851 -1
83 790 -1
83 791 -2
83 792 -3
83 793 -3
83 794 -3
83 795 -3
83 796 -3
83 797 -3
83 798 -3
83 799 -3
83 800 -2
83 801 -1
83 820 -1
83 821 7
83 822 6
83 823 6
83 824 6
83 825 6
83 826 6
83 827 6
83 828 6
83 829 6
83 830 7
83 831 -1
83 850 -1
83 851 -2
83 852 -3
83 853 -3
83 854 -3
83 855 -3
83 856 -3
83 857 -3
83 858 -3
83 859 -3
83 860 -2
83 861 -1
84 800 -1
84 801 -2
84 802 -3
84 803 -3
84 804 -3
84 805 -3
84 806 -3
84 807 -3
84 808 -3
84 809 -3
84 810 -2
84 830 -1
84 831 7
84 832 6
84 833 6
84 834 6
84 835 6
84 836 6
84 837 6
84 838 6
84 839 6
84 840 7
84 860 -1
84 861 -2
84 862 -3
84 863 -3
84 864 -3
84 865 -3
84 866 -3
84 867 -3
84 868 -3
84 869 -3
84 870 -2
85 811 -2
85 812 -3
85 813 -3
85 814 -3
85 815 -3
85 816 -3
85 817 -3
85 818 -3
85 819 -3
85 820 -2
85 821 -1
85 841 7
85 842 6
85 843 6
85 844 6
85 845 6
85 846 6
85 847 6
85 848 6
85 849 6
85 850 7
85 851 -1
85 871 -2
85 872 -3
85 873 -3
85 874 -3
85 875 -3
85 876 -3
85 877 -3
85 878 -3
85 879 -3
85 880 -2
85 881 -1
86 820 -1
86 821 -2
86 822 -3
86 823 -3
86 824 -3
86 825 -3
86 826 -3
86 827 -3
86 828 -3
86 829 -3
86 830 -2
86 831 -1
86 850 -1
86 851 7
86 852 6
86 853 6
86 854 6
86 855 6
86 856 6
86 857 6
86 858 6
86 859 6
86 860 7
86 861 -1
86 880 -1
86 881 -2
86 882 -3
86 883 -3
86 884 -3
86 885 -3
86 886 -3
86 887 -3
86 888 -3
86 889 -3
86 890 -2
86 891 -1
87 830 -1
87 831 -2
87 832 -3
87 833 -3
87 834 -3
87 835 -3
87 836 -3
87 837 -3
87 838 -3
87 839 -3
87 840 -2
87 860 -1
87 861 7
87 862 6
87 863 6
87 864 6
87 865 6
87 866 6
87 867 6
87 868 6
87 869 6
87 870 7
87 890 -1
87 891 -2
87 892 -3
87 893 -3
87 894 -3
87 895 -3
87 896 -3
87 897 -3
87 898 -3
87 899 -3
87 900 -2
88 841 -2
88 842 -3
88 843 -3
88 844 -3
88 845 -3
88 846 -3
88 847 -3
88 848 -3
88 849 -3
88 850 -2
88 851 -1
88 871 7
88 872 6
88 873 6
88 874 6
88 875 6
88 876 6
88 877 6
88 878 6
88 879 6
88 880 7
88 881 -1
89 850 -1
89 851 -2
89 852 -3
89 853 -3
89 854 -3
89 855 -3
89 856 -3
89 857 -3
89 858 -3
89 859 -3
89 860 -2
89 861 -1
89 880 -1
89 881 7
89 882 6
89 883 6
89 884 6
89 885 6
89 886 6
89 887 6
89 888 6
89 889 6
89 890 7
89 891 -1
90 860 -1
90 861 -2
90 862 -3
90 863 -3
90 864 -3
90 865 -3
90 866 -3
90 867 -3
90 868 -3
90 869 -3
90 870 -2
90 890 -1
90 891 7
90 892 6
90 893 6
90 894 6
90 895 6
90 896 6
90 897 6
90 898 6
90 899 6
90 900 7
